7 7
0 0 1 1 1 1 0 
1 1 1 0 0 1 0 
1 20 0 2 10 1 1 
1 0 0 0 10 0 1 
1 0 1 2 0 0 1 
1 0 0 0 0 0 1 
1 1 1 1 1 1 1 
7 7
0 0 1 1 1 1 0 
1 1 1 0 0 1 0 
1 20 0 2 10 1 1 
1 0 0 0 10 0 1 
1 0 1 2 0 0 1 
1 0 0 0 0 0 1 
1 1 1 1 1 1 1 
7 7
0 0 1 1 1 1 0 
1 1 1 0 0 1 0 
1 0 20 2 10 1 1 
1 0 0 0 10 0 1 
1 0 1 2 0 0 1 
1 0 0 0 0 0 1 
1 1 1 1 1 1 1 
7 7
0 0 1 1 1 1 0 
1 1 1 0 0 1 0 
1 0 0 22 10 1 1 
1 0 0 0 10 0 1 
1 0 1 2 0 0 1 
1 0 0 0 0 0 1 
1 1 1 1 1 1 1 
7 7
0 0 1 1 1 1 0 
1 1 1 0 0 1 0 
1 0 0 2 10 1 1 
1 0 0 20 10 0 1 
1 0 1 2 0 0 1 
1 0 0 0 0 0 1 
1 1 1 1 1 1 1 
7 7
0 0 1 1 1 1 0 
1 1 1 0 0 1 0 
1 0 0 2 10 1 1 
1 0 0 0 10 0 1 
1 0 1 22 0 0 1 
1 0 0 0 0 0 1 
1 1 1 1 1 1 1 
7 7
0 0 1 1 1 1 0 
1 1 1 0 0 1 0 
1 0 0 2 10 1 1 
1 0 0 0 10 0 1 
1 0 1 2 20 0 1 
1 0 0 0 0 0 1 
1 1 1 1 1 1 1 
7 7
0 0 1 1 1 1 0 
1 1 1 0 0 1 0 
1 0 0 2 10 1 1 
1 0 0 0 10 0 1 
1 0 1 2 0 20 1 
1 0 0 0 0 0 1 
1 1 1 1 1 1 1 
7 7
0 0 1 1 1 1 0 
1 1 1 0 0 1 0 
1 0 0 2 10 1 1 
1 0 0 0 10 20 1 
1 0 1 2 0 0 1 
1 0 0 0 0 0 1 
1 1 1 1 1 1 1 
7 7
0 0 1 1 1 1 0 
1 1 1 0 0 1 0 
1 0 0 2 10 1 1 
1 0 0 10 20 0 1 
1 0 1 2 0 0 1 
1 0 0 0 0 0 1 
1 1 1 1 1 1 1 
7 7
0 0 1 1 1 1 0 
1 1 1 0 0 1 0 
1 0 0 2 10 1 1 
1 0 0 10 0 0 1 
1 0 1 2 20 0 1 
1 0 0 0 0 0 1 
1 1 1 1 1 1 1 
7 7
0 0 1 1 1 1 0 
1 1 1 0 0 1 0 
1 0 0 2 10 1 1 
1 0 0 10 0 0 1 
1 0 1 2 0 0 1 
1 0 0 0 20 0 1 
1 1 1 1 1 1 1 
7 7
0 0 1 1 1 1 0 
1 1 1 0 0 1 0 
1 0 0 2 10 1 1 
1 0 0 10 0 0 1 
1 0 1 2 0 0 1 
1 0 0 20 0 0 1 
1 1 1 1 1 1 1 
7 7
0 0 1 1 1 1 0 
1 1 1 0 0 1 0 
1 0 0 2 10 1 1 
1 0 0 10 0 0 1 
1 0 1 2 0 0 1 
1 0 20 0 0 0 1 
1 1 1 1 1 1 1 
7 7
0 0 1 1 1 1 0 
1 1 1 0 0 1 0 
1 0 0 2 10 1 1 
1 0 0 10 0 0 1 
1 0 1 2 0 0 1 
1 20 0 0 0 0 1 
1 1 1 1 1 1 1 
7 7
0 0 1 1 1 1 0 
1 1 1 0 0 1 0 
1 0 0 2 10 1 1 
1 0 0 10 0 0 1 
1 20 1 2 0 0 1 
1 0 0 0 0 0 1 
1 1 1 1 1 1 1 
7 7
0 0 1 1 1 1 0 
1 1 1 0 0 1 0 
1 0 0 2 10 1 1 
1 20 0 10 0 0 1 
1 0 1 2 0 0 1 
1 0 0 0 0 0 1 
1 1 1 1 1 1 1 
7 7
0 0 1 1 1 1 0 
1 1 1 0 0 1 0 
1 20 0 2 10 1 1 
1 0 0 10 0 0 1 
1 0 1 2 0 0 1 
1 0 0 0 0 0 1 
1 1 1 1 1 1 1 
7 7
0 0 1 1 1 1 0 
1 1 1 0 0 1 0 
1 0 20 2 10 1 1 
1 0 0 10 0 0 1 
1 0 1 2 0 0 1 
1 0 0 0 0 0 1 
1 1 1 1 1 1 1 
7 7
0 0 1 1 1 1 0 
1 1 1 0 0 1 0 
1 0 0 22 10 1 1 
1 0 0 10 0 0 1 
1 0 1 2 0 0 1 
1 0 0 0 0 0 1 
1 1 1 1 1 1 1 
7 7
0 0 1 1 1 1 0 
1 1 1 20 0 1 0 
1 0 0 2 10 1 1 
1 0 0 10 0 0 1 
1 0 1 2 0 0 1 
1 0 0 0 0 0 1 
1 1 1 1 1 1 1 
7 7
0 0 1 1 1 1 0 
1 1 1 0 20 1 0 
1 0 0 2 10 1 1 
1 0 0 10 0 0 1 
1 0 1 2 0 0 1 
1 0 0 0 0 0 1 
1 1 1 1 1 1 1 
7 7
0 0 1 1 1 1 0 
1 1 1 0 0 1 0 
1 0 0 2 20 1 1 
1 0 0 10 10 0 1 
1 0 1 2 0 0 1 
1 0 0 0 0 0 1 
1 1 1 1 1 1 1 
7 7
0 0 1 1 1 1 0 
1 1 1 0 0 1 0 
1 0 0 2 0 1 1 
1 0 0 10 20 0 1 
1 0 1 2 10 0 1 
1 0 0 0 0 0 1 
1 1 1 1 1 1 1 
7 7
0 0 1 1 1 1 0 
1 1 1 0 0 1 0 
1 0 0 2 0 1 1 
1 0 0 10 0 20 1 
1 0 1 2 10 0 1 
1 0 0 0 0 0 1 
1 1 1 1 1 1 1 
7 7
0 0 1 1 1 1 0 
1 1 1 0 0 1 0 
1 0 0 2 0 1 1 
1 0 0 10 0 0 1 
1 0 1 2 10 20 1 
1 0 0 0 0 0 1 
1 1 1 1 1 1 1 
7 7
0 0 1 1 1 1 0 
1 1 1 0 0 1 0 
1 0 0 2 0 1 1 
1 0 0 10 0 0 1 
1 0 1 2 10 0 1 
1 0 0 0 0 20 1 
1 1 1 1 1 1 1 
7 7
0 0 1 1 1 1 0 
1 1 1 0 0 1 0 
1 0 0 2 0 1 1 
1 0 0 10 0 0 1 
1 0 1 2 10 0 1 
1 0 0 0 20 0 1 
1 1 1 1 1 1 1 
7 7
0 0 1 1 1 1 0 
1 1 1 0 0 1 0 
1 0 0 2 0 1 1 
1 0 0 10 0 0 1 
1 0 1 2 10 0 1 
1 0 0 20 0 0 1 
1 1 1 1 1 1 1 
7 7
0 0 1 1 1 1 0 
1 1 1 0 0 1 0 
1 0 0 2 0 1 1 
1 0 0 10 0 0 1 
1 0 1 22 10 0 1 
1 0 0 0 0 0 1 
1 1 1 1 1 1 1 
7 7
0 0 1 1 1 1 0 
1 1 1 0 0 1 0 
1 0 0 12 0 1 1 
1 0 0 20 0 0 1 
1 0 1 2 10 0 1 
1 0 0 0 0 0 1 
1 1 1 1 1 1 1 
7 7
0 0 1 1 1 1 0 
1 1 1 0 0 1 0 
1 0 0 12 0 1 1 
1 0 0 0 20 0 1 
1 0 1 2 10 0 1 
1 0 0 0 0 0 1 
1 1 1 1 1 1 1 
7 7
0 0 1 1 1 1 0 
1 1 1 0 0 1 0 
1 0 0 12 0 1 1 
1 0 0 0 0 20 1 
1 0 1 2 10 0 1 
1 0 0 0 0 0 1 
1 1 1 1 1 1 1 
7 7
0 0 1 1 1 1 0 
1 1 1 0 0 1 0 
1 0 0 12 0 1 1 
1 0 0 0 0 0 1 
1 0 1 2 10 20 1 
1 0 0 0 0 0 1 
1 1 1 1 1 1 1 
7 7
0 0 1 1 1 1 0 
1 1 1 0 0 1 0 
1 0 0 12 0 1 1 
1 0 0 0 0 0 1 
1 0 1 12 20 0 1 
1 0 0 0 0 0 1 
1 1 1 1 1 1 1 
